$n = 1000
$blocks             brace.php               brace_stack.php

4                   0,01258                 0,00124
                    0,01168                 0,0024
                    0,01083                 0,001193
                    0,00905                 0,001763
                    0,01176                 0,001191

40                  0,2363                  0,001108
                    0,2053                  0,001977
                    0,1928                  0,001907
                    0,2211
                    0,1738

400                 6,9304                  0,002496
                    6,9504                  0,001667
                    6,7740                  0,001199
                    6,9258
                    6,9272

4000                603,7932                0,002150
                    618,6008                0,001181
                    650,2965                0,000958
                    619,7168
                    611,6183

40000                3 hours                0,0007339
                    and not stop            0,001176
                                            0,001148